100
29 33 75 27 10 28 25 16 36 49 19 1 59 61 
96 81 43 15 16 84 71 53 27 94 94 62 88 94 56 
54 94 60 51 47 60 
41 34 31 51 43 22 68 29 76 41 
99 47 47 31 34 23 80 38 88 19 
72 24 5 52 70 19 94 98 49 45 3 33 80 67 
87 77 6 36 84 87 33 29 85 11 20 32 89 15 
13 87 14 47 42 33 0 59 8 28 4 
27 22 61 77 83 25 
29 17 83 26 43 48 19 21 
13 35 10 3 49 23 5 36 23 26 55 91 
52 59 2 72 64 67 39 99 92 86 97 69 8 30 45 
61 16 49 18 64 18 79 6 
96 83 89 87 87 20 49 24 
56 51 51 8 43 58 16 3 
9 7 83 6 69 67 69 91 23 
33 46 72 39 81 56 
25 19 43 79 14 71 44 16 85 68 70 57 89 71 81 
77 55 72 75 90 96 100 82 
68 61 19 52 64 62 9 6 14 59 34 5 
7 39 62 60 75 88 3 33 53 28 79 2 
96 1 40 20 20 54 92 26 74 42 41 55 45 
54 16 81 16 40 12 23 76 
32 42 96 53 61 47 23 8 74 41 98 19 
50 93 82 65 55 37 
37 28 78 22 99 81 
75 75 67 64 15 4 42 61 40 100 
42 89 76 39 71 41 99 76 52 23 80 27 11 79 
85 79 77 24 12 57 68 94 10 12 61 62 30 
39 10 32 79 77 10 23 88 97 
38 81 37 42 16 89 86 86 21 32 91 36 36 38 
47 71 89 16 23 9 83 28 78 52 
36 11 85 3 18 24 76 81 8 78 89 100 60 97 94 
38 80 83 87 90 
11 38 38 68 52 32 62 84 18 
63 48 4 69 30 40 58 28 38 42 
39 38 9 50 34 87 26 
86 9 23 40 15 4 34 24 97 40 88 45 8 
80 21 23 88 54 35 63 32 15 42 88 29 42 98 
8 99 71 7 0 4 
34 98 13 50 11 16 82 5 31 76 100 27 43 8 60 
34 55 78 59 71 96 70 66 15 
33 68 16 16 63 52 69 23 
70 24 61 81 48 96 81 67 
0 41 91 95 93 68 49 47 31 36 
55 84 48 18 89 72 95 17 26 26 
15 75 69 14 79 88 30 63 28 42 40 79 
71 98 44 59 72 16 87 68 93 
26 49 93 81 75 74 37 51 15 78 59 88 21 
15 47 51 58 20 55 96 83 97 92 87 
88 99 3 91 70 10 44 37 4 76 97 22 10 
59 8 12 41 33 51 17 10 23 68 62 19 
17 7 93 96 27 55 19 81 78 32 
49 88 81 56 86 
58 81 22 80 4 11 91 91 52 39 48 94 64 
74 41 94 60 71 73 92 13 88 77 82 37 56 
96 8 61 57 65 7 23 80 70 
30 37 83 72 66 31 
24 41 94 36 17 79 85 81 39 29 30 58 89 91 
49 82 64 96 90 32 42 9 9 83 
100 91 82 48 67 62 48 47 79 90 70 48 14 
52 90 9 11 69 42 38 38 44 88 55 54 
54 3 19 2 46 33 26 92 
82 41 32 35 66 6 9 87 
29 19 80 80 67 
76 26 36 50 65 71 89 78 61 87 
58 90 57 71 8 47 94 6 91 86 40 10 62 34 
26 52 77 49 42 63 100 94 80 1 80 4 82 
88 50 86 71 9 84 67 64 
49 51 34 14 24 61 15 61 8 54 48 1 63 
28 79 10 27 79 49 0 41 76 67 
35 3 81 48 3 10 4 82 26 100 9 38 85 45 14 
24 11 63 45 86 38 96 83 82 9 49 
35 93 19 20 57 87 
10 65 17 48 24 51 6 35 82 70 
61 14 16 53 41 71 92 
12 2 72 35 36 
16 8 98 4 57 68 14 64 62 99 
17 49 53 91 72 26 21 78 13 27 54 
75 15 55 72 48 
51 2 34 77 14 29 86 93 49 57 67 83 25 13 81 
51 32 99 47 87 63 
92 66 46 2 49 22 
31 74 43 39 72 
30 24 21 31 1 68 70 98 92 25 86 4 70 24 18 
29 14 14 55 20 
14 32 26 65 30 94 78 65 47 59 93 
28 36 35 1 10 82 77 45 48 39 68 48 23 
84 47 53 51 35 47 84 29 
28 96 69 99 29 2 71 18 14 5 90 75 35 24 
90 39 48 77 60 84 35 16 98 
34 40 20 23 39 9 31 91 15 64 31 32 53 25 
78 16 60 97 96 93 66 13 67 37 60 36 59 12 57 
79 76 29 28 74 11 51 
29 26 58 57 23 2 62 50 
54 63 15 28 81 95 86 7 89 
41 22 6 49 85 11 7 90 100 5 11 
5 32 28 2 57 97 63 45 54 22 88 93 81 80 5 
59 79 73 50 13 12 47 83 80 5 
73 57 88 74 19 17 99 10 47 
